' This table was produced from the 2012 Mass evaluation.
' It contains experimental masses and systematic estimations.
' See kh/Dokumente/Literature/Full-Text-Special/Masses-2012/MakeTable.jbas.
0  1  0 
0  1  0.4e-7 
1  1  0.9e-7 
1  2  -2.22456586 
1  3  -8.48179859 
2  3  -7.71804259 
3  3  6.8000885 
1  4  -6.8817988 
2  4  -28.2956596 
3  4  -4.6150426 
1  5  -6.6817989 
2  5  -27.5606593 
3  5  -26.3306597 
4  5  -0.0881991 
1  6  -5.769839 
2  6  -29.2711144 
3  6  -31.9939839 
4  6  -26.9234822 
5  6  2.8038304 
1  7  -6.5818731 
2  7  -28.8614005 
3  7  -39.2450747 
4  7  -37.6008343 
5  7  -24.9109367 
2  8  -31.3961626 
3  8  -41.277693 
4  8  -56.4994794 
5  8  -37.7372268 
6  8  -24.8121882 
2  9  -30.1412647 
3  9  -45.3399121 
4  9  -58.1640145 
5  9  -56.3136329 
6  9  -39.0368043 
2  10  -29.9761618 
3  10  -45.3135072 
4  10  -64.9762966 
5  10  -64.750748 
6  10  -60.3203364 
7  10  -36.4366378 
3  11  -45.7091943 
4  11  -65.4779347 
5  11  -76.2048721 
6  11  -73.4401135 
7  11  -59.0044199 
3  12  -45.5891944 
4  12  -68.6486598 
5  12  -79.5746562 
6  12  -92.1617256 
7  12  -74.041307 
8  12  -58.6823364 
3  13  -44.2391945 
4  13  -68.1386599 
5  13  -84.4532703 
6  13  -97.108034 
7  13  -94.1052151 
8  13  -75.5529105 
4  14  -69.914555 
5  14  -85.4230214 
6  14  -105.284467 
7  14  -104.658597 
8  14  -98.7322096 
9  14  -73.99291 
4  15  -68.1803701 
5  15  -88.2000355 
6  15  -106.502533 
7  15  -115.491892 
8  15  -111.955379 
9  15  -97.2218271 
4  16  -68.5645552 
5  16  -88.1170696 
6  16  -110.752866 
7  16  -117.98074 
8  16  -127.619302 
9  16  -111.4197 
10  16  -97.3314536 
5  17  -89.5298417 
6  17  -111.487533 
7  17  -123.86589 
8  17  -131.762382 
9  17  -128.21957 
10  17  -112.888474 
5  18  -89.5248418 
6  18  -115.671504 
7  18  -126.694114 
8  18  -139.807751 
9  18  -137.369475 
10  18  -132.142619 
11  18  -111.640964 
5  19  -90.6662919 
6  19  -116.248333 
7  19  -132.023078 
8  19  -143.763394 
9  19  -147.80135 
10  19  -143.779505 
11  19  -131.819821 
12  19  -112.138474 
5  20  -90.381609 
6  20  -119.174652 
7  20  -134.184806 
8  20  -151.371401 
9  20  -154.402686 
10  20  -160.644807 
11  20  -145.969925 
12  20  -134.479516 
5  21  -89.8649261 
6  21  -119.16058 
7  21  -138.770069 
8  21  -155.176979 
9  21  -162.504149 
10  21  -167.405969 
11  21  -163.076483 
12  21  -149.195985 
13  21  -132.337153 
6  22  -119.284653 
7  22  -140.053875 
8  22  -162.026881 
9  22  -167.73448 
10  22  -177.770224 
11  22  -174.144682 
12  22  -168.580756 
13  22  -149.19747 
14  22  -133.278124 
6  23  -116.775214 
7  23  -141.841867 
8  23  -164.760863 
9  23  -175.286132 
10  23  -182.970871 
11  23  -186.564333 
12  23  -181.725398 
13  23  -168.721718 
14  23  -150.990441 
7  24  -141.297184 
8  24  -168.952436 
9  24  -179.110964 
10  24  -191.839785 
11  24  -193.523756 
12  24  -198.25702 
13  24  -183.588719 
14  24  -172.014405 
15  24  -148.656411 
7  25  -140.323501 
8  25  -168.176436 
9  25  -183.378299 
10  25  -196.019268 
11  25  -202.534932 
12  25  -205.587539 
13  25  -200.528587 
14  25  -187.002744 
15  25  -170.309729 
8  26  -168.862435 
9  26  -184.148064 
10  26  -201.551334 
11  26  -208.109212 
12  26  -216.680631 
13  26  -211.893851 
14  26  -206.042369 
15  26  -187.146046 
16  26  -170.257699 
8  27  -167.215789 
9  27  -186.254809 
10  27  -203.066272 
11  27  -214.837425 
12  27  -223.124016 
13  27  -224.951803 
14  27  -219.357098 
15  27  -206.912824 
16  27  -188.380016 
8  28  -167.658106 
9  28  -186.034809 
10  28  -206.881844 
11  28  -218.379381 
12  28  -231.62745 
13  28  -232.676903 
14  28  -236.536821 
15  28  -221.40942 
16  28  -209.406128 
17  28  -185.180987 
9  29  -187.401077 
10  29  -207.844929 
11  29  -222.782407 
12  29  -235.282866 
13  29  -242.102352 
14  29  -245.010422 
15  29  -239.285448 
16  29  -224.707058 
17  29  -207.001304 
9  30  -186.986394 
10  30  -211.276474 
11  30  -225.05903 
12  30  -241.635081 
13  30  -247.841459 
14  30  -255.619622 
15  30  -250.604922 
16  30  -243.680974 
17  30  -224.396621 
18  30  -206.567274 
9  31  -187.551711 
10  31  -211.567022 
11  31  -229.344083 
12  31  -243.945008 
13  31  -254.9953 
14  31  -262.207014 
15  31  -262.916172 
16  31  -256.73581 
17  31  -243.977062 
18  31  -224.834591 
10  32  -213.459681 
11  32  -230.866677 
12  32  -249.722795 
13  32  -259.210169 
14  32  -271.406981 
15  32  -270.851822 
16  32  -271.780135 
17  32  -258.316929 
18  32  -246.400259 
19  32  -222.319562 
10  33  -212.532998 
11  33  -233.780652 
12  33  -252.003101 
13  33  -264.651192 
14  33  -275.914938 
15  33  -280.955611 
16  33  -280.421773 
17  33  -274.056909 
18  33  -261.655519 
19  33  -244.446879 
10  34  -213.759315 
11  34  -234.529969 
12  34  -256.713275 
13  34  -267.323177 
14  34  -283.428658 
15  34  -287.23828 
16  34  -291.838929 
17  34  -285.564976 
18  34  -278.720836 
19  34  -260.780196 
20  34  -244.926849 
11  35  -236.050286 
12  35  -257.468155 
13  35  -272.545426 
14  35  -285.903645 
15  35  -295.618691 
16  35  -298.82477 
17  35  -298.209746 
18  35  -291.46127 
19  35  -278.804404 
20  35  -262.061167 
11  36  -236.049603 
12  36  -260.799099 
13  36  -274.446526 
14  36  -292.007886 
15  36  -299.083245 
16  36  -308.713994 
17  36  -306.78954 
18  36  -306.716717 
19  36  -293.119895 
20  36  -281.371634 
21  36  -258.787137 
11  37  -236.88992 
12  37  -260.961573 
13  37  -278.658664 
14  37  -294.280167 
15  37  -305.899639 
16  37  -313.017597 
17  37  -317.100362 
18  37  -315.504142 
19  37  -308.574346 
20  37  -296.127867 
21  37  -278.725454 
12  38  -263.247891 
13  38  -280.329685 
14  38  -299.927496 
15  38  -309.644407 
16  38  -321.053691 
17  38  -323.208245 
18  38  -327.342631 
19  38  -320.646218 
20  38  -313.121618 
21  38  -294.826771 
22  38  -278.832425 
12  39  -263.118208 
13  39  -283.614861 
14  39  -301.508162 
15  39  -315.875441 
16  39  -325.426167 
17  39  -331.281667 
18  39  -333.941318 
19  39  -333.723972 
20  39  -326.417137 
21  39  -312.524798 
22  39  -295.371742 
12  40  -264.859525 
13  40  -284.709178 
14  40  -306.470153 
15  40  -319.19191 
16  40  -333.172984 
17  40  -337.110605 
18  40  -343.81034 
19  40  -341.523591 
20  40  -342.052138 
21  40  -326.946741 
22  40  -314.491445 
23  40  -292.972712 
13  41  -286.865495 
14  41  -307.851481 
15  41  -324.168569 
16  41  -337.415032 
17  41  -344.931298 
18  41  -349.909267 
19  41  -351.618959 
20  41  -350.414956 
21  41  -343.137134 
22  41  -329.409913 
23  41  -312.734029 
13  42  -287.987812 
14  42  -311.480466 
15  42  -326.25038 
16  42  -344.115519 
17  42  -350.608416 
18  42  -359.335754 
19  42  -359.152759 
20  42  -361.895629 
21  42  -354.687183 
22  42  -346.888356 
23  42  -328.621346 
24  42  -313.978 
13  43  -288.95213 
14  43  -313.012783 
15  43  -330.65161 
16  43  -346.744549 
17  43  -358.08937 
18  43  -364.994205 
19  43  -368.777439 
20  43  -369.828518 
21  43  -366.825457 
22  43  -359.176094 
23  43  -346.98902 
24  43  -330.591317 
14  44  -315.6721 
15  44  -332.960753 
16  44  -351.824641 
17  44  -362.44779 
18  44  -373.728969 
19  44  -376.054859 
20  44  -380.959678 
21  44  -376.524652 
22  44  -375.474897 
23  44  -361.260361 
24  44  -349.998634 
25  44  -328.919287 
14  45  -315.043417 
15  45  -336.151071 
16  45  -354.681313 
17  45  -368.269124 
18  45  -378.897827 
19  45  -384.960322 
20  45  -388.37449 
21  45  -387.851168 
22  45  -385.006765 
23  45  -377.095847 
24  45  -363.94775 
25  45  -348.783605 
26  45  -329.437258 
15  46  -336.761388 
16  46  -358.726041 
17  46  -371.791024 
18  46  -386.92911 
19  46  -391.829925 
20  46  -398.772051 
21  46  -396.611807 
22  46  -398.195957 
23  46  -390.361217 
24  46  -381.977799 
25  46  -364.678922 
26  46  -350.352575 
15  47  -338.376705 
16  47  -359.429358 
17  47  -376.149012 
18  47  -390.480676 
19  47  -400.199294 
20  47  -406.048425 
21  47  -407.258255 
22  47  -407.076679 
23  47  -403.363733 
24  47  -395.136472 
25  47  -382.358681 
26  47  -366.602892 
27  47  -348.382545 
16  48  -362.144675 
17  48  -378.184329 
18  48  -395.780982 
19  48  -404.843112 
20  48  -416.001048 
21  48  -415.497362 
22  48  -418.70333 
23  48  -413.906017 
24  48  -411.468556 
25  48  -397.187987 
26  48  -385.498209 
27  48  -365.433863 
28  48  -349.040516 
16  49  -361.773992 
17  49  -381.048646 
18  49  -398.272299 
19  49  -410.241444 
20  49  -421.147501 
21  49  -425.626332 
22  49  -426.845722 
23  49  -425.461519 
24  49  -422.050913 
25  49  -413.572611 
26  49  -399.904253 
27  49  -384.70118 
28  49  -366.415833 
17  50  -381.835963 
18  50  -402.403616 
19  50  -414.429118 
20  50  -427.508147 
21  50  -431.68409 
22  50  -437.784911 
23  50  -434.795739 
24  50  -435.051246 
25  50  -426.634422 
26  50  -417.713474 
27  50  -400.224497 
28  50  -386.56015 
17  51  -383.86228 
18  51  -403.422933 
19  51  -419.288626 
20  51  -432.328769 
21  51  -438.436708 
22  51  -444.157405 
23  51  -445.846885 
24  51  -444.311908 
25  51  -440.322002 
26  51  -431.498491 
27  51  -417.855957 
28  51  -402.669467 
18  52  -406.59525 
19  52  -421.386904 
20  52  -438.324566 
21  52  -443.445717 
22  52  -451.965709 
23  52  -453.158129 
24  52  -456.35026 
25  52  -450.856678 
26  52  -447.699771 
27  52  -432.575131 
28  52  -421.276784 
29  52  -400.085438 
18  53  -406.906567 
19  53  -424.596221 
20  53  -440.589874 
21  53  -449.457948 
22  53  -457.398172 
23  53  -461.635826 
24  53  -464.289382 
25  53  -462.910186 
26  53  -458.385529 
27  53  -449.315075 
28  53  -435.504926 
29  53  -419.445755 
19  54  -425.988538 
20  54  -444.982191 
21  54  -453.020834 
22  54  -464.236551 
23  54  -467.749259 
24  54  -474.008502 
25  54  -471.848982 
26  54  -471.763979 
27  54  -462.737085 
28  54  -453.168336 
29  54  -434.904072 
30  54  -419.796725 
19  55  -428.349855 
20  55  -446.625509 
21  55  -457.469671 
22  55  -468.378345 
23  55  -475.072089 
24  55  -480.254765 
25  55  -482.075501 
26  55  -481.062066 
27  55  -476.82834 
28  55  -467.35196 
29  55  -452.869788 
30  55  -435.375043 
19  56  -429.202172 
20  56  -450.244826 
21  56  -460.295479 
22  56  -473.987454 
23  56  -480.122888 
24  56  -488.498684 
25  56  -489.345938 
26  56  -492.259168 
27  56  -486.910197 
28  56  -483.994962 
29  56  -467.543706 
30  56  -454.10236 
31  56  -432.063013 
20  57  -451.292143 
21  57  -464.342796 
22  57  -476.721057 
23  57  -486.299492 
24  57  -493.812895 
25  57  -497.992541 
26  57  -499.905243 
27  57  -498.286665 
28  57  -494.242589 
29  57  -484.685276 
30  57  -469.140677 
31  57  -451.46133 
20  58  -454.40846 
21  58  -466.583113 
22  58  -482.036767 
23  58  -490.461919 
24  58  -501.194799 
25  58  -504.405287 
26  58  -509.949847 
27  58  -506.859592 
28  58  -506.45884 
29  58  -497.115474 
30  58  -486.964147 
31  58  -467.375647 
32  58  -450.814301 
21  59  -470.08043 
22  59  -484.640084 
23  59  -496.045752 
24  59  -505.322881 
25  59  -512.174364 
26  59  -516.530861 
27  59  -517.31347 
28  59  -515.458122 
29  59  -509.87739 
30  59  -499.952266 
31  59  -485.926964 
32  59  -467.482618 
21  60  -471.901747 
22  60  -489.395401 
23  60  -499.52701 
24  60  -512.006584 
25  60  -517.688299 
26  60  -525.350389 
27  60  -524.805388 
28  60  -526.845854 
29  60  -519.935526 
30  60  -514.98236 
31  60  -499.810281 
32  60  -486.852935 
33  60  -464.162588 
21  61  -474.990065 
22  61  -491.486718 
23  61  -504.8628 
24  61  -516.029114 
25  61  -524.5338 
26  61  -530.929826 
27  61  -534.124608 
28  61  -534.66596 
29  61  -531.646126 
30  61  -525.228636 
31  61  -515.232141 
32  61  -501.044252 
33  61  -484.119905 
22  62  -495.776035 
23  62  -507.903688 
24  62  -522.540303 
25  62  -529.343995 
26  62  -538.958697 
27  62  -540.722126 
28  62  -545.261818 
29  62  -540.520575 
30  62  -538.118774 
31  62  -528.155362 
32  62  -517.285569 
33  62  -499.186222 
22  63  -497.103352 
23  63  -512.492006 
24  63  -525.438773 
25  63  -535.821365 
26  63  -543.787587 
27  63  -549.220618 
28  63  -552.099594 
29  63  -551.384224 
30  63  -547.23569 
31  63  -540.787325 
32  63  -530.379102 
33  63  -516.30254 
23  64  -514.741323 
24  64  -531.246976 
25  64  -539.994663 
26  64  -551.192827 
27  64  -555.232824 
28  64  -561.757068 
29  64  -559.300337 
30  64  -559.097685 
31  64  -551.144301 
32  64  -545.844699 
33  64  -530.398857 
34  64  -516.89351 
23  65  -518.28564 
24  65  -533.841293 
25  65  -546.044285 
26  65  -555.516092 
27  65  -562.697451 
28  65  -567.855149 
29  65  -569.211017 
30  65  -567.077012 
31  65  -563.040195 
32  65  -556.078736 
33  65  -545.755225 
34  65  -531.196827 
23  66  -520.320957 
24  66  -538.46661 
25  66  -549.898651 
26  66  -562.433757 
27  66  -567.992103 
28  66  -576.807509 
29  66  -576.276947 
30  66  -578.135593 
31  66  -572.178246 
32  66  -569.27887 
33  66  -558.914568 
34  66  -547.475144 
24  67  -540.482927 
25  67  -554.529581 
26  67  -566.505764 
27  67  -574.976663 
28  67  -582.615221 
29  67  -585.408973 
30  67  -585.187915 
31  67  -583.404397 
32  67  -578.401159 
33  67  -571.548033 
34  67  -560.75875 
35  67  -546.324115 
24  68  -544.949244 
25  68  -557.589898 
26  68  -572.3339 
27  68  -579.649926 
28  68  -590.407672 
29  68  -591.728545 
30  68  -595.386011 
31  68  -591.682564 
32  68  -590.793261 
33  68  -581.926644 
34  68  -576.439219 
35  68  -559.908432 
25  69  -561.898215 
26  69  -575.637868 
27  69  -585.966607 
28  69  -594.993823 
29  69  -599.969041 
30  69  -601.868081 
31  69  -601.995934 
32  69  -598.986443 
33  69  -594.215605 
34  69  -586.755802 
35  69  -575.65022 
36  69  -561.191402 
25  70  -564.650532 
26  70  -580.961185 
27  70  -590.788192 
28  70  -602.300352 
29  70  -605.280518 
30  70  -611.086508 
31  70  -609.649583 
32  70  -610.518941 
33  70  -603.516594 
34  70  -600.322304 
35  70  -589.035686 
36  70  -577.775719 
25  71  -568.706849 
26  71  -583.722502 
27  71  -596.310081 
28  71  -606.564037 
29  71  -613.086589 
30  71  -616.921891 
31  71  -618.949867 
32  71  -617.93488 
33  71  -615.139133 
34  71  -609.610237 
35  71  -602.183801 
36  71  -591.226242 
37  71  -576.42069 
26  72  -588.89682 
27  72  -599.795473 
28  72  -613.455187 
29  72  -618.229778 
30  72  -625.809919 
31  72  -625.470343 
32  72  -628.685641 
33  72  -623.547191 
34  72  -622.403227 
35  72  -612.820021 
36  72  -606.910929 
37  72  -590.305007 
26  73  -591.482137 
27  73  -604.97879 
28  73  -617.408596 
29  73  -625.505534 
30  73  -631.329152 
31  73  -634.652739 
32  73  -635.46858 
33  73  -634.34146 
34  73  -630.833752 
35  73  -625.471602 
36  73  -617.593421 
37  73  -606.341324 
38  73  -591.426978 
26  74  -596.171454 
27  74  -608.617107 
28  74  -623.827761 
29  74  -630.595619 
30  74  -639.563779 
31  74  -641.074338 
32  74  -645.664816 
33  74  -642.320083 
34  74  -642.890883 
35  74  -635.183583 
36  74  -631.444822 
37  74  -620.246626 
38  74  -608.375295 
27  75  -613.325424 
28  75  -627.689078 
29  75  -637.132072 
30  75  -644.437293 
31  75  -649.560618 
32  75  -652.170656 
33  75  -652.565535 
34  75  -650.918479 
35  75  -647.07377 
36  75  -641.507928 
37  75  -633.620652 
38  75  -622.238306 
27  76  -616.394741 
28  76  -633.124395 
29  76  -641.708033 
30  76  -652.252718 
31  76  -655.463994 
32  76  -661.597897 
33  76  -659.894034 
34  76  -662.072265 
35  76  -656.327038 
36  76  -654.269759 
37  76  -644.952356 
38  76  -637.938567 
39  76  -621.509582 
28  77  -636.332712 
29  77  -647.315365 
30  77  -656.810214 
31  77  -663.231016 
32  77  -667.669188 
33  77  -669.590298 
34  77  -669.491117 
35  77  -667.344091 
36  77  -663.496381 
37  77  -657.375084 
38  77  -649.565682 
39  77  -637.758899 
28  78  -641.787029 
29  78  -651.37215 
30  78  -663.57557 
31  78  -669.015939 
32  78  -676.389696 
33  78  -676.562257 
34  78  -679.988858 
35  78  -675.632728 
36  78  -675.577833 
37  78  -667.551328 
38  78  -663.007504 
39  78  -651.578216 
40  78  -639.57087 
28  79  -643.438346 
29  79  -656.845 
30  79  -667.595947 
31  79  -675.928984 
32  79  -682.125554 
33  79  -685.452682 
34  79  -686.951691 
35  79  -686.319975 
36  79  -683.91185 
37  79  -679.490212 
38  79  -673.381769 
39  79  -665.479423 
40  79  -653.399187 
29  80  -659.448317 
30  80  -673.883582 
31  80  -680.67629 
32  80  -690.205582 
33  80  -692.10239 
34  80  -696.865061 
35  80  -694.212251 
36  80  -695.434203 
37  80  -688.934011 
38  80  -686.287677 
39  80  -676.340754 
40  80  -669.928547 
29  81  -662.878634 
30  81  -676.50595 
31  81  -687.151895 
32  81  -695.03328 
33  81  -700.492561 
34  81  -703.565908 
35  81  -704.370205 
36  81  -703.307022 
37  81  -700.286524 
38  81  -695.575639 
39  81  -688.976894 
40  81  -680.879212 
41  81  -668.647475 
29  82  -664.829951 
30  82  -680.984604 
31  82  -690.525976 
32  82  -702.227977 
33  82  -706.133653 
34  82  -712.842137 
35  82  -711.963148 
36  82  -714.273843 
37  82  -709.088981 
38  82  -708.128877 
39  82  -699.399447 
40  82  -694.497138 
41  82  -681.972792 
30  83  -683.186921 
31  83  -694.923697 
32  83  -705.860662 
33  83  -713.771204 
34  83  -718.660102 
35  83  -721.550589 
36  83  -721.744873 
37  83  -720.043124 
38  83  -716.987754 
39  83  -711.612326 
40  83  -704.535968 
41  83  -696.253622 
42  83  -683.746762 
30  84  -686.930238 
31  84  -698.020892 
32  84  -711.103972 
33  84  -718.026758 
34  84  -727.338573 
35  84  -728.391589 
36  84  -732.265494 
37  84  -728.802772 
38  84  -728.911021 
39  84  -721.372595 
40  84  -718.117305 
41  84  -706.935426 
42  84  -699.634079 
30  85  -688.431556 
31  85  -701.873209 
32  85  -714.150281 
33  85  -723.433659 
34  85  -731.875804 
35  85  -737.255291 
36  85  -739.377806 
37  85  -739.282459 
38  85  -737.436059 
39  85  -733.392559 
40  85  -727.942114 
41  85  -720.265418 
42  85  -710.713148 
43  85  -698.45505 
31  86  -704.336526 
32  86  -718.858179 
33  86  -727.277975 
34  86  -738.036652 
35  86  -742.383391 
36  86  -749.234458 
37  86  -747.933456 
38  86  -748.927299 
39  86  -742.904952 
40  86  -740.808059 
41  86  -731.189939 
42  86  -725.384957 
43  86  -711.789367 
31  87  -707.531843 
32  87  -721.247497 
33  87  -732.005056 
34  87  -742.030927 
35  87  -748.714133 
36  87  -754.749631 
37  87  -757.855553 
38  87  -757.35545 
39  87  -754.711413 
40  87  -750.257257 
41  87  -744.001676 
42  87  -736.230839 
43  87  -726.253728 
44  87  -713.713337 
32  88  -725.378814 
33  88  -735.178467 
34  88  -747.560315 
35  88  -753.609732 
36  88  -761.802712 
37  88  -763.938075 
38  88  -768.468085 
39  88  -764.063138 
40  88  -762.61037 
41  88  -754.375681 
42  88  -750.103891 
43  88  -738.316315 
44  88  -730.251654 
32  89  -727.041131 
33  89  -739.327784 
34  89  -750.739828 
35  89  -759.239353 
36  89  -766.718528 
37  89  -771.112637 
38  89  -774.826801 
39  89  -775.544856 
40  89  -771.929748 
41  89  -766.896406 
42  89  -760.503599 
43  89  -752.101166 
44  89  -742.030972 
45  89  -729.171625 
32  90  -730.604448 
33  90  -741.931101 
34  90  -755.618972 
35  90  -763.036705 
36  90  -773.213311 
37  90  -776.836445 
38  90  -782.638285 
39  90  -782.401882 
40  90  -783.898233 
41  90  -777.00455 
42  90  -773.732868 
43  90  -763.502321 
44  90  -756.879081 
45  90  -743.171942 
33  91  -745.568418 
34  91  -758.228072 
35  91  -768.215018 
36  91  -777.299343 
37  91  -783.288158 
38  91  -788.413091 
39  91  -790.330216 
40  91  -791.09215 
41  91  -789.052221 
42  91  -783.840011 
43  91  -776.835205 
44  91  -768.306124 
45  91  -758.080259 
46  91  -744.778913 
33  92  -747.724735 
34  92  -762.685389 
35  92  -771.411847 
36  92  -783.166015 
37  92  -788.386873 
38  92  -795.699394 
39  92  -796.86671 
40  92  -799.726939 
41  92  -796.938708 
42  92  -796.510443 
43  92  -787.845961 
44  92  -782.439124 
45  92  -770.354663 
46  92  -761.64323 
34  93  -764.748706 
35  93  -776.220697 
36  93  -786.604007 
37  93  -794.305619 
38  93  -800.989235 
39  93  -804.348629 
40  93  -806.461309 
41  93  -805.769264 
42  93  -804.580253 
43  93  -800.596944 
44  93  -793.425952 
45  93  -784.438693 
46  93  -773.784547 
47  93  -760.1292 
34  94  -768.907023 
35  94  -778.920676 
36  94  -791.887101 
37  94  -798.319772 
38  94  -807.820385 
39  94  -810.545132 
40  94  -814.680844 
41  94  -812.996804 
42  94  -814.258093 
43  94  -809.219999 
44  94  -806.864148 
45  94  -796.405823 
46  94  -788.816911 
47  94  -774.344517 
34  95  -770.63534 
35  95  -783.163994 
36  95  -794.769559 
37  95  -803.722181 
38  95  -812.168205 
39  95  -817.474926 
40  95  -821.142818 
41  95  -821.483971 
42  95  -821.627191 
43  95  -819.154327 
44  95  -815.808371 
45  95  -809.910133 
46  95  -800.751846 
47  95  -789.601834 
48  95  -775.853488 
35  96  -785.627311 
36  96  -799.761642 
37  96  -807.253978 
38  96  -818.047126 
39  96  -822.676517 
40  96  -828.997188 
41  96  -828.377058 
42  96  -830.781511 
43  96  -827.025923 
44  96  -826.502314 
45  96  -819.327314 
46  96  -815.040657 
47  96  -802.587786 
48  96  -792.866805 
35  97  -789.590628 
36  97  -802.176772 
37  97  -812.490056 
38  97  -821.770802 
39  97  -828.53342 
40  97  -834.572312 
41  97  -836.449636 
42  97  -837.602761 
43  97  -836.495706 
44  97  -834.613811 
45  97  -830.308465 
46  97  -824.735657 
47  97  -816.973311 
48  97  -805.819122 
49  97  -791.771775 
35  98  -792.054945 
36  98  -807.135598 
37  98  -816.360585 
38  98  -827.685881 
39  98  -832.778148 
40  98  -840.987726 
41  98  -842.44323 
42  98  -846.245361 
43  98  -843.779297 
44  98  -844.79059 
45  98  -838.958591 
46  98  -836.322107 
47  98  -827.285201 
48  98  -821.072854 
49  98  -806.550092 
36  99  -809.654915 
37  99  -821.318972 
38  99  -831.843164 
39  99  -839.204578 
40  99  -845.390955 
41  99  -849.315977 
42  99  -852.170806 
43  99  -852.746265 
44  99  -852.258981 
45  99  -849.43279 
46  99  -845.253688 
47  99  -839.002576 
48  99  -831.438878 
49  99  -822.10141 
50  99  -807.887063 
36  100  -814.019232 
37  100  -824.731886 
38  100  -837.232685 
39  100  -843.953523 
40  100  -852.219817 
41  100  -854.858833 
42  100  -860.462633 
43  100  -859.510665 
44  100  -861.932306 
45  100  -857.51433 
46  100  -856.370991 
47  100  -848.499379 
48  100  -843.773669 
49  100  -833.109699 
50  100  -825.297352 
36  101  -816.16655 
37  101  -829.068203 
38  101  -841.035849 
39  101  -849.758503 
40  101  -857.079913 
41  101  -862.014807 
42  101  -865.860873 
43  101  -867.90318 
44  101  -868.734354 
45  101  -867.408256 
46  101  -864.645741 
47  101  -859.76711 
48  101  -853.486845 
49  101  -845.482044 
50  101  -836.391322 
37  102  -832.03452 
38  102  -845.903539 
39  102  -853.936193 
40  102  -863.574242 
41  102  -867.508733 
42  102  -873.986249 
43  102  -874.204029 
44  102  -877.953994 
45  102  -874.849175 
46  102  -875.217397 
47  102  -868.750588 
48  102  -865.381241 
49  102  -855.633106 
50  102  -849.090759 
37  103  -836.006837 
38  103  -849.038491 
39  103  -859.291909 
40  103  -867.873243 
41  103  -874.29455 
42  103  -879.453887 
43  103  -882.306646 
44  103  -884.186048 
45  103  -884.168116 
46  103  -882.84275 
47  103  -879.375661 
48  103  -874.44502 
49  103  -867.640193 
50  103  -859.197846 
51  103  -847.623985 
38  104  -853.793808 
39  104  -862.969461 
40  104  -873.853344 
41  104  -879.16595 
42  104  -886.914334 
43  104  -888.28326 
44  104  -893.087462 
45  104  -891.167073 
46  104  -892.824011 
47  104  -887.76301 
48  104  -885.832578 
49  104  -877.264659 
50  104  -871.926689 
51  104  -858.687846 
38  105  -856.369125 
39  105  -867.798778 
40  105  -877.665394 
41  105  -885.323997 
42  105  -891.972973 
43  105  -896.140339 
44  105  -898.99756 
45  105  -900.133249 
46  105  -899.918111 
47  105  -897.788833 
48  105  -894.269496 
49  105  -888.793883 
50  105  -881.708952 
51  105  -871.604709 
52  105  -859.617782 
38  106  -860.620442 
39  106  -871.101095 
40  106  -883.173749 
41  106  -889.683085 
42  106  -898.841874 
43  106  -901.694093 
44  106  -907.458746 
45  106  -906.715804 
46  106  -909.479073 
47  106  -905.731584 
48  106  -905.138991 
49  106  -897.832641 
50  106  -893.795963 
51  106  -882.133227 
52  106  -873.096277 
38  107  -862.801759 
39  107  -875.483412 
40  107  -886.606066 
41  107  -895.274819 
42  107  -903.33028 
43  107  -908.737928 
44  107  -913.068179 
45  107  -915.289188 
46  107  -916.015503 
47  107  -915.267235 
48  107  -913.068541 
49  107  -908.860194 
50  107  -903.025827 
51  107  -894.384475 
52  107  -883.485236 
53  107  -871.74056 
39  108  -878.487729 
40  108  -891.761383 
41  108  -899.172001 
42  108  -909.606038 
43  108  -913.982088 
44  108  -920.938314 
45  108  -921.52857 
46  108  -925.238664 
47  108  -922.538645 
48  108  -923.402161 
49  108  -917.487204 
50  108  -914.65486 
51  108  -904.2479 
52  108  -896.801895 
53  108  -882.884406 
39  109  -882.462047 
40  109  -894.6727 
41  109  -904.317284 
42  109  -913.587472 
43  109  -920.413385 
44  109  -926.086665 
45  109  -929.567892 
46  109  -931.392252 
47  109  -931.723157 
48  109  -930.72529 
49  109  -927.926512 
50  109  -923.287148 
51  109  -916.124941 
52  109  -906.806931 
53  109  -895.982377 
54  109  -883.696475 
40  110  -899.437017 
41  110  -907.90467 
42  110  -919.535436 
43  110  -925.236418 
44  110  -933.492206 
45  110  -935.468262 
46  110  -940.188464 
47  110  -938.532352 
48  110  -940.641009 
49  110  -935.980663 
50  110  -934.569534 
51  110  -925.394937 
52  110  -919.392681 
53  110  -906.844686 
54  110  -897.516751 
40  111  -902.182334 
41  111  -912.714988 
42  111  -922.995315 
43  111  -931.297829 
44  111  -938.276132 
45  111  -943.015259 
46  111  -945.914764 
47  111  -947.362187 
48  111  -947.61664 
49  111  -945.972116 
50  111  -942.738386 
51  111  -936.853257 
52  111  -928.821652 
53  111  -919.405636 
54  111  -908.062019 
40  112  -906.503651 
41  112  -916.185305 
42  112  -928.592958 
43  112  -935.601666 
44  112  -945.192976 
45  112  -948.514803 
46  112  -954.321402 
47  112  -953.800942 
48  112  -957.010683 
49  112  -953.643603 
50  112  -953.526175 
51  112  -945.686803 
52  112  -940.873 
53  112  -929.586474 
54  112  -921.76722 
55  112  -907.245732 
41  113  -920.493622 
42  113  -931.969275 
43  113  -941.229467 
44  113  -949.505934 
45  113  -955.62098 
46  113  -959.66219 
47  113  -962.315331 
48  113  -963.549447 
49  113  -963.08967 
50  113  -961.269742 
51  113  -956.576232 
52  113  -949.723838 
53  113  -941.71397 
54  113  -932.015748 
55  113  -920.793688 
41  114  -923.440939 
42  114  -937.078592 
43  114  -945.257246 
44  114  -955.928921 
45  114  -960.637973 
46  114  -967.63336 
47  114  -968.290658 
48  114  -972.592355 
49  114  -970.363563 
50  114  -971.570155 
51  114  -964.726118 
52  114  -961.336695 
53  114  -951.46178 
54  114  -944.969322 
55  114  -931.783346 
56  114  -922.278245 
41  115  -927.479256 
42  115  -940.091909 
43  115  -950.468563 
44  115  -960.082053 
45  115  -967.225146 
46  115  -972.640106 
47  115  -976.413837 
48  115  -978.733219 
49  115  -979.402826 
50  115  -979.11797 
51  115  -975.305193 
52  115  -969.582202 
53  115  -963.074893 
54  115  -954.611497 
55  115  -944.871404 
56  115  -933.415057 
42  116  -944.914226 
43  116  -954.08788 
44  116  -965.91844 
45  116  -971.806212 
46  116  -980.116689 
47  116  -982.045146 
48  116  -987.432703 
49  116  -986.187546 
50  116  -988.681449 
51  116  -983.194761 
52  116  -980.859721 
53  116  -972.30065 
54  116  -967.07279 
55  116  -955.306721 
56  116  -947.158374 
57  116  -932.381027 
42  117  -947.655544 
43  117  -959.085197 
44  117  -969.440522 
45  117  -978.036093 
46  117  -984.780842 
47  117  -989.755861 
48  117  -993.209929 
49  117  -994.95219 
50  117  -995.624553 
51  117  -993.083988 
52  117  -988.757503 
53  117  -983.31581 
54  117  -976.28272 
55  117  -967.808129 
56  117  -958.154378 
57  117  -946.338345 
43  118  -962.564514 
44  118  -975.251167 
45  118  -982.097499 
46  118  -991.816357 
47  118  -995.198919 
48  118  -1001.5645 
49  118  -1001.30868 
50  118  -1004.95097 
51  118  -1000.51199 
52  118  -999.430175 
53  118  -991.922096 
54  118  -988.247757 
55  118  -977.795722 
56  118  -970.958008 
57  118  -957.442662 
43  119  -967.216831 
44  119  -978.627484 
45  119  -988.10393 
46  119  -995.906913 
47  119  -1002.36222 
48  119  -1006.91122 
49  119  -1009.85125 
50  119  -1011.43447 
51  119  -1010.06128 
52  119  -1006.98593 
53  119  -1002.7879 
54  119  -997.034431 
55  119  -989.762723 
56  119  -981.265411 
57  119  -970.859979 
58  119  -959.160632 
43  120  -970.435148 
44  120  -984.146802 
45  120  -992.167455 
46  120  -1002.85032 
47  120  -1007.43926 
48  120  -1014.96277 
49  120  -1015.95166 
50  120  -1020.53931 
51  120  -1017.07636 
52  120  -1017.24421 
53  120  -1010.84687 
54  120  -1008.48376 
55  120  -999.417627 
56  120  -993.63528 
57  120  -981.651296 
58  120  -972.979949 
44  121  -987.253119 
45  121  -997.853772 
46  121  -1006.82375 
47  121  -1014.2619 
48  121  -1020.15056 
49  121  -1024.13057 
50  121  -1026.70953 
51  121  -1026.32827 
52  121  -1024.49161 
53  121  -1021.41664 
54  121  -1016.86364 
55  121  -1010.70264 
56  121  -1003.5628 
57  121  -994.305613 
58  121  -984.022266 
59  121  -972.08992 
44  122  -992.688436 
45  122  -1001.66809 
46  122  -1013.3289 
47  122  -1019.0365 
48  122  -1027.76042 
49  122  -1029.93866 
50  122  -1035.5249 
51  122  -1033.13463 
52  122  -1034.3331 
53  122  -1029.31676 
54  122  -1027.80895 
55  122  -1019.81638 
56  122  -1015.49822 
57  122  -1004.64993 
58  122  -997.198583 
59  122  -983.487237 
44  123  -995.710753 
45  123  -1007.07541 
46  123  -1017.20106 
47  123  -1025.54979 
48  123  -1032.63355 
49  123  -1037.86747 
50  123  -1041.47106 
51  123  -1042.09715 
52  123  -1041.26212 
53  123  -1039.25134 
54  123  -1035.77398 
55  123  -1030.78659 
56  123  -1024.61555 
57  123  -1016.82925 
58  123  -1007.6819 
59  123  -996.951554 
44  124  -1000.83907 
45  124  -1010.80572 
46  124  -1023.40938 
47  124  -1030.27316 
48  124  -1039.99235 
49  124  -1043.37855 
50  124  -1049.96023 
51  124  -1048.56465 
52  124  -1050.6866 
53  124  -1046.74467 
54  124  -1046.25766 
55  124  -1039.54559 
56  124  -1036.12169 
57  124  -1026.50817 
58  124  -1020.38322 
59  124  -1007.83587 
60  124  -998.427524 
45  125  -1015.91504 
46  125  -1027.14869 
47  125  -1036.37458 
48  125  -1044.71009 
49  125  -1051.05649 
50  125  -1055.69373 
51  125  -1057.27122 
52  125  -1057.25557 
53  125  -1056.28745 
54  125  -1053.86093 
55  125  -1049.97341 
56  125  -1044.77219 
57  125  -1038.08037 
58  125  -1030.19653 
59  125  -1020.78819 
60  125  -1009.57284 
45  126  -1019.54336 
46  126  -1033.01301 
47  126  -1040.99566 
48  126  -1051.69012 
49  126  -1056.4239 
50  126  -1063.88391 
51  126  -1063.47956 
52  126  -1066.36926 
53  126  -1063.43289 
54  126  -1063.8848 
55  126  -1058.30735 
56  126  -1055.84445 
57  126  -1047.36567 
58  126  -1042.43041 
59  126  -1031.15151 
60  126  -1023.03816 
61  126  -1008.45981 
46  127  -1036.51033 
47  127  -1046.86898 
48  127  -1055.99515 
49  127  -1063.62059 
50  127  -1069.41117 
51  127  -1071.85707 
52  127  -1072.65691 
53  127  -1072.5768 
54  127  -1071.1321 
55  127  -1068.26836 
56  127  -1064.06381 
57  127  -1058.35962 
58  127  -1051.6605 
59  127  -1043.44182 
60  127  -1033.65248 
61  127  -1022.12013 
46  128  -1042.01065 
47  128  -1051.2603 
48  128  -1062.81784 
49  128  -1068.93956 
50  128  -1077.37328 
51  128  -1077.85921 
52  128  -1081.44031 
53  128  -1079.40293 
54  128  -1080.74215 
55  128  -1076.03109 
56  128  -1074.69609 
57  128  -1067.16026 
58  128  -1063.2864 
59  128  -1053.3009 
60  128  -1046.50179 
61  128  -1033.19145 
62  128  -1023.3551 
47  129  -1056.63962 
48  129  -1067.15627 
49  129  -1075.70281 
50  129  -1082.68968 
51  129  -1085.92957 
52  129  -1087.52272 
53  129  -1088.24268 
54  129  -1087.64925 
55  129  -1085.67009 
56  129  -1082.45178 
57  129  -1077.93076 
58  129  -1072.1113 
59  129  -1064.81501 
60  129  -1056.57411 
61  129  -1046.35776 
62  129  -1034.83542 
47  130  -1058.42093 
48  130  -1073.25245 
49  130  -1080.8201 
50  130  -1090.28675 
51  130  -1091.65781 
52  130  -1095.94215 
53  130  -1094.74301 
54  130  -1096.90497 
55  130  -1093.1419 
56  130  -1092.72155 
57  130  -1086.30483 
58  130  -1083.31803 
59  130  -1074.28823 
60  130  -1068.92666 
61  130  -1056.94408 
62  130  -1048.27173 
63  130  -1033.80739 
48  131  -1075.1209 
49  131  -1087.03314 
50  131  -1095.49734 
51  131  -1099.42477 
52  131  -1101.87153 
53  131  -1103.32095 
54  131  -1103.50945 
55  131  -1102.37236 
56  131  -1100.21505 
57  131  -1096.51804 
58  131  -1091.67488 
59  131  -1085.48475 
60  131  -1078.16978 
61  131  -1069.5424 
62  131  -1058.97005 
63  131  -1047.3247 
48  132  -1078.12422 
49  132  -1089.48779 
50  132  -1102.84044 
51  132  -1105.14975 
52  132  -1109.92002 
53  132  -1109.65298 
54  132  -1112.4461 
55  132  -1109.54104 
56  132  -1110.03744 
57  132  -1104.54373 
58  132  -1102.50872 
59  132  -1094.46889 
60  132  -1089.89887 
61  132  -1079.31871 
62  132  -1071.98737 
63  132  -1058.35102 
48  133  -1079.85254 
49  133  -1092.61419 
50  133  -1105.24205 
51  133  -1112.508 
52  133  -1115.73521 
53  133  -1117.90738 
54  133  -1118.88203 
55  133  -1118.52704 
56  133  -1117.22735 
57  133  -1114.3858 
58  133  -1110.52729 
59  133  -1105.2643 
60  133  -1098.87675 
61  133  -1091.16968 
62  133  -1082.21069 
63  133  -1071.43334 
64  133  -1059.43599 
49  134  -1094.88251 
50  134  -1108.87139 
51  134  -1115.67736 
52  134  -1123.41046 
53  134  -1124.15122 
54  134  -1127.43408 
55  134  -1125.41858 
56  134  -1126.69514 
57  134  -1122.18139 
58  134  -1121.01328 
59  134  -1113.92603 
60  134  -1110.26213 
61  134  -1100.5721 
62  134  -1094.427 
63  134  -1082.19666 
64  134  -1072.78831 
49  135  -1097.82083 
50  135  -1111.14272 
51  135  -1119.41776 
52  135  -1126.67364 
53  135  -1131.9524 
54  135  -1133.79786 
55  135  -1134.18056 
56  135  -1133.66711 
57  135  -1131.67756 
58  135  -1128.86806 
59  135  -1124.40522 
60  135  -1118.90062 
61  135  -1111.93159 
62  135  -1103.97953 
63  135  -1094.48797 
64  135  -1083.85063 
65  135  -1071.60028 
50  136  -1114.4808 
51  136  -1122.30925 
52  136  -1131.44291 
53  136  -1135.78023 
54  136  -1141.88156 
55  136  -1141.00898 
56  136  -1142.77485 
57  136  -1139.14285 
58  136  -1138.83161 
59  136  -1132.8811 
60  136  -1129.95762 
61  136  -1121.15648 
62  136  -1116.00453 
63  136  -1104.65529 
64  136  -1096.71894 
65  136  -1082.9046 
50  137  -1116.44111 
51  137  -1125.9009 
52  137  -1134.39264 
53  137  -1140.66232 
54  137  -1145.90712 
55  137  -1149.2872 
56  137  -1149.68049 
57  137  -1148.31759 
58  137  -1146.31314 
59  137  -1142.81383 
60  137  -1138.41421 
61  137  -1132.12015 
62  137  -1125.29148 
63  137  -1116.60161 
64  137  -1106.91426 
65  137  -1095.88491 
50  138  -1119.58543 
51  138  -1128.48108 
52  138  -1138.85593 
53  138  -1144.35728 
54  138  -1151.56727 
55  138  -1153.69974 
56  138  -1158.29221 
57  138  -1155.7699 
58  138  -1156.03439 
59  138  -1150.81505 
60  138  -1148.91927 
61  138  -1141.0591 
62  138  -1136.83403 
63  138  -1126.30359 
64  138  -1119.42858 
65  138  -1106.65723 
66  138  -1097.13788 
51  139  -1131.8014 
52  139  -1141.43612 
53  139  -1148.90773 
54  139  -1155.31094 
55  139  -1159.58515 
56  139  -1163.01564 
57  139  -1164.54791 
58  139  -1163.48718 
59  139  -1160.57576 
60  139  -1156.98693 
61  139  -1151.69054 
62  139  -1145.78781 
63  139  -1138.02328 
64  139  -1129.47489 
65  139  -1119.19055 
66  139  -1107.9202 
51  140  -1134.02372 
52  140  -1145.65909 
53  140  -1152.11591 
54  140  -1160.72413 
55  140  -1164.00566 
56  140  -1169.44321 
57  140  -1169.70888 
58  140  -1172.68747 
59  140  -1168.51712 
60  140  -1167.29737 
61  140  -1160.46982 
62  140  -1156.93484 
63  140  -1147.68249 
64  140  -1141.69648 
65  140  -1129.61414 
66  140  -1121.17952 
67  140  -1106.82617 
52  141  -1147.86069 
53  141  -1156.49534 
54  141  -1164.00629 
55  141  -1169.50379 
56  141  -1173.97708 
57  141  -1176.39656 
58  141  -1178.11561 
59  141  -1177.91368 
60  141  -1175.30832 
61  141  -1170.85549 
62  141  -1165.48409 
63  141  -1158.6935 
64  141  -1151.20975 
65  141  -1141.74402 
66  141  -1131.80284 
67  141  -1120.00249 
52  142  -1151.815 
53  142  -1159.43264 
54  142  -1169.10995 
55  142  -1173.6158 
56  142  -1180.15835 
57  142  -1181.55709 
58  142  -1185.28366 
59  142  -1183.75683 
60  142  -1185.13612 
61  142  -1179.54594 
62  142  -1176.60815 
63  142  -1168.1528 
64  142  -1163.01636 
65  142  -1151.83401 
66  142  -1144.61215 
67  142  -1130.95981 
68  142  -1120.77946 
52  143  -1153.79432 
53  143  -1163.36098 
54  143  -1172.1545 
55  143  -1178.84295 
56  143  -1184.324 
57  143  -1187.77602 
58  143  -1190.42846 
59  143  -1191.10793 
60  143  -1191.25969 
61  143  -1189.43568 
62  143  -1185.20956 
63  143  -1179.15181 
64  143  -1172.35946 
65  143  -1163.765 
66  143  -1154.73241 
67  143  -1143.82912 
68  143  -1132.09178 
53  144  -1166.08529 
54  144  -1176.89524 
55  144  -1182.51111 
56  144  -1190.22533 
57  144  -1192.52556 
58  144  -1197.32533 
59  144  -1196.86163 
60  144  -1199.07672 
61  144  -1195.96245 
62  144  -1195.72962 
63  144  -1188.60093 
64  144  -1183.95898 
65  144  -1173.78531 
66  144  -1167.20487 
67  144  -1154.46195 
68  144  -1145.67809 
69  144  -1130.37975 
53  145  -1169.81561 
54  145  -1179.58759 
55  145  -1187.36772 
56  145  -1194.04575 
57  145  -1198.58254 
58  145  -1202.03182 
59  145  -1203.80835 
60  145  -1204.83202 
61  145  -1203.88516 
62  145  -1202.48672 
63  145  -1199.04469 
64  145  -1193.19483 
65  145  -1185.79038 
66  145  -1176.9487 
67  145  -1167.04386 
68  145  -1156.21741 
69  145  -1143.94206 
54  146  -1184.12052 
55  146  -1190.95219 
56  146  -1199.54119 
57  146  -1202.86537 
58  146  -1208.67126 
59  146  -1208.93457 
60  146  -1212.39725 
61  146  -1210.14336 
62  146  -1210.90301 
63  146  -1206.24188 
64  146  -1204.42765 
65  146  -1195.32318 
66  146  -1189.33234 
67  146  -1177.23329 
68  146  -1169.53474 
69  146  -1155.32238 
54  147  -1186.8439 
55  147  -1195.47276 
56  147  -1202.93623 
57  147  -1208.56825 
58  147  -1213.12139 
59  147  -1215.76918 
60  147  -1217.68945 
61  147  -1217.80241 
62  147  -1217.24413 
63  147  -1214.74018 
64  147  -1211.77001 
65  147  -1206.37359 
66  147  -1199.04478 
67  147  -1189.82348 
68  147  -1179.89185 
69  147  -1168.4761 
54  148  -1191.31021 
55  148  -1198.82235 
56  148  -1208.33726 
57  148  -1212.66991 
58  148  -1219.57721 
59  148  -1220.93184 
60  148  -1225.02194 
61  148  -1223.69686 
62  148  -1225.38551 
63  148  -1221.56647 
64  148  -1220.75407 
65  148  -1214.23368 
66  148  -1210.77327 
67  148  -1200.12887 
68  148  -1192.83435 
69  148  -1179.33804 
70  148  -1169.98967 
55  149  -1203.35918 
56  149  -1211.83584 
57  149  -1218.2524 
58  149  -1223.92006 
59  149  -1227.50716 
60  149  -1230.06073 
61  149  -1230.96678 
62  149  -1231.25586 
63  149  -1229.77889 
64  149  -1227.68281 
65  149  -1223.26258 
66  149  -1218.69078 
67  149  -1211.87146 
68  149  -1203.16829 
69  149  -1192.52733 
70  149  -1181.05999 
55  150  -1206.4835 
56  150  -1217.14016 
57  150  -1222.48681 
58  150  -1230.16831 
59  150  -1232.83951 
60  150  -1237.43585 
61  150  -1236.57089 
62  150  -1239.24254 
63  150  -1236.20155 
64  150  -1236.39098 
65  150  -1230.95068 
66  150  -1228.37212 
67  150  -1220.22618 
68  150  -1215.32927 
69  150  -1203.20665 
70  150  -1194.5713 
71  150  -1179.79096 
55  151  -1210.59682 
56  151  -1220.34947 
57  151  -1227.90413 
58  151  -1234.61783 
59  151  -1239.3899 
60  151  -1242.7704 
61  151  -1244.43113 
62  151  -1244.83899 
63  151  -1244.13302 
64  151  -1242.88665 
65  151  -1239.5393 
66  151  -1235.88612 
67  151  -1229.97424 
68  151  -1223.8356 
69  151  -1215.56468 
70  151  -1205.54693 
71  151  -1193.33027 
56  152  -1225.12279 
57  152  -1231.78344 
58  152  -1240.5211 
59  152  -1244.43981 
60  152  -1250.04815 
61  152  -1250.37059 
62  152  -1253.09668 
63  152  -1250.43973 
64  152  -1251.47631 
65  152  -1246.70396 
66  152  -1245.32327 
67  152  -1238.02201 
68  152  -1234.13457 
69  152  -1224.62886 
70  152  -1218.39662 
71  152  -1204.71559 
56  153  -1228.02411 
57  153  -1236.55676 
58  153  -1244.55841 
59  153  -1250.32152 
60  153  -1255.30099 
61  153  -1257.83597 
62  153  -1258.96508 
63  153  -1258.99001 
64  153  -1257.72326 
65  153  -1255.37193 
66  153  -1252.41922 
67  153  -1247.50659 
68  153  -1242.18413 
69  153  -1234.9189 
70  153  -1227.35525 
71  153  -1217.78805 
72  153  -1205.88456 
57  154  -1240.14808 
58  154  -1249.95673 
59  154  -1255.01878 
60  154  -1261.72644 
61  154  -1263.75102 
62  154  -1266.93187 
63  154  -1265.43218 
64  154  -1266.61799 
65  154  -1262.28599 
66  154  -1261.74163 
67  154  -1255.20493 
68  154  -1252.38819 
69  154  -1243.42808 
70  154  -1238.1507 
71  154  -1227.15122 
72  154  -1219.38688 
57  155  -1244.64239 
58  155  -1253.60305 
59  155  -1260.31095 
60  155  -1266.39706 
61  155  -1270.27092 
62  155  -1272.73883 
63  155  -1273.58347 
64  155  -1273.05322 
65  155  -1271.45109 
66  155  -1268.57424 
67  155  -1264.67608 
68  155  -1260.06356 
69  155  -1253.69807 
70  155  -1246.79258 
71  155  -1238.05763 
72  155  -1229.0882 
73  155  -1217.93385 
58  156  -1258.61936 
59  156  -1264.53502 
60  156  -1272.65829 
61  156  -1275.56595 
62  156  -1279.98268 
63  156  -1279.92278 
64  156  -1281.58957 
65  156  -1278.36304 
66  156  -1278.01893 
67  156  -1272.18658 
68  156  -1270.13628 
69  156  -1261.97254 
70  156  -1257.61966 
71  156  -1247.32878 
72  156  -1240.66379 
73  156  -1228.06817 
58  157  -1261.82868 
59  157  -1269.57834 
60  157  -1276.71751 
61  157  -1281.77066 
62  157  -1285.36885 
63  157  -1287.36725 
64  157  -1287.94942 
65  157  -1287.10703 
66  157  -1284.98554 
67  157  -1281.61013 
68  157  -1277.38663 
69  157  -1271.95104 
70  157  -1265.85804 
71  157  -1258.10689 
72  157  -1249.77083 
73  157  -1239.72919 
74  157  -1229.01314 
59  158  -1273.43965 
60  158  -1282.38231 
61  158  -1286.63415 
62  158  -1292.01283 
63  158  -1293.23543 
64  158  -1295.88681 
65  158  -1293.88551 
66  158  -1294.03939 
67  158  -1289.03728 
68  158  -1287.37234 
69  158  -1279.98938 
70  158  -1276.51406 
71  158  -1266.93379 
72  158  -1261.04166 
73  158  -1249.3238 
74  158  -1241.06945 
59  159  -1278.26897 
60  159  -1286.20562 
61  159  -1292.17054 
62  159  -1297.04168 
63  159  -1300.09444 
64  159  -1301.83002 
65  159  -1302.01853 
66  159  -1300.87081 
67  159  -1298.25086 
68  159  -1294.70001 
69  159  -1289.9279 
70  159  -1284.41391 
71  159  -1277.50141 
72  159  -1269.86322 
73  159  -1260.67238 
74  159  -1250.93277 
75  159  -1239.40042 
60  160  -1291.60394 
61  160  -1296.68959 
62  160  -1303.14002 
63  160  -1305.60334 
64  160  -1309.28148 
65  160  -1308.39374 
66  160  -1309.44728 
67  160  -1305.37494 
68  160  -1304.2754 
69  160  -1297.73085 
70  160  -1294.81137 
71  160  -1286.13406 
72  160  -1281.01305 
73  160  -1270.17359 
74  160  -1262.894 
75  160  -1249.66574 
60  161  -1295.12926 
61  161  -1301.99391 
62  161  -1307.6485 
63  161  -1311.98572 
64  161  -1314.91688 
65  161  -1316.09035 
66  161  -1315.90167 
67  161  -1314.26137 
68  161  -1311.48278 
69  161  -1307.39885 
70  161  -1302.55692 
71  161  -1296.49779 
72  161  -1289.4685 
73  161  -1281.07222 
74  161  -1272.1444 
75  161  -1261.69672 
76  161  -1250.24371 
61  162  -1306.20023 
62  162  -1313.57788 
63  162  -1316.96012 
64  162  -1321.76278 
65  162  -1322.37549 
66  162  -1324.09866 
67  162  -1321.17695 
68  162  -1320.68701 
69  162  -1315.04794 
70  162  -1312.61561 
71  162  -1304.83851 
72  162  -1300.39348 
73  162  -1290.22237 
74  162  -1283.66005 
75  162  -1271.37838 
76  162  -1262.59803 
61  163  -1311.15054 
62  163  -1317.8392 
63  163  -1322.97572 
64  163  -1326.86837 
65  163  -1329.36693 
66  163  -1330.36967 
67  163  -1329.58477 
68  163  -1327.5917 
69  163  -1324.37035 
70  163  -1320.15968 
71  163  -1314.86949 
72  163  -1308.55971 
73  163  -1301.04809 
74  163  -1292.63939 
75  163  -1282.95613 
76  163  -1272.55135 
62  164  -1323.29252 
63  164  -1327.74217 
64  164  -1333.39982 
65  164  -1334.92014 
66  164  -1338.02779 
67  164  -1336.25955 
68  164  -1336.43802 
69  164  -1331.61781 
70  164  -1329.94932 
71  164  -1322.79177 
72  164  -1319.18527 
73  164  -1309.8675 
74  164  -1304.03023 
75  164  -1292.54298 
76  164  -1284.71031 
77  164  -1270.99232 
62  165  -1327.06983 
63  165  -1333.16549 
64  165  -1338.18314 
65  165  -1341.48079 
66  165  -1343.74375 
67  165  -1344.24837 
68  165  -1343.08815 
69  165  -1340.71422 
70  165  -1337.29844 
71  165  -1332.66295 
72  165  -1327.07387 
73  165  -1320.50362 
74  165  -1312.73487 
75  165  -1303.735 
76  165  -1294.10398 
77  165  -1283.16963 
63  166  -1337.4798 
64  166  -1344.29846 
65  166  -1346.86959 
66  166  -1350.78725 
67  166  -1350.49201 
68  166  -1351.56464 
69  166  -1347.74463 
70  166  -1346.66965 
71  166  -1340.31301 
72  166  -1337.36867 
73  166  -1328.82511 
74  166  -1323.83315 
75  166  -1313.05623 
76  166  -1305.81709 
77  166  -1292.95195 
78  166  -1283.6076 
63  167  -1342.50512 
64  167  -1348.65277 
65  167  -1352.98443 
66  167  -1356.20612 
67  167  -1357.77377 
68  167  -1358.0011 
69  167  -1356.47209 
70  167  -1353.73659 
71  167  -1349.86447 
72  167  -1345.04876 
73  167  -1339.14971 
74  167  -1332.11559 
75  167  -1324.07696 
76  167  -1314.95377 
77  167  -1304.74698 
78  167  -1293.69192 
64  168  -1354.27409 
65  168  -1357.85174 
66  168  -1362.90638 
67  168  -1363.62476 
68  168  -1365.77241 
69  168  -1363.31271 
70  168  -1362.79845 
71  168  -1357.50205 
72  168  -1355.01287 
73  168  -1347.26388 
74  168  -1342.98048 
75  168  -1333.10016 
76  168  -1326.50982 
77  168  -1314.45743 
78  168  -1306.01631 
64  169  -1358.13541 
65  169  -1363.52906 
66  169  -1368.0153 
67  169  -1370.43295 
68  169  -1371.77566 
69  169  -1371.34632 
70  169  -1369.66543 
71  169  -1366.59008 
72  169  -1362.44052 
73  169  -1357.23172 
74  169  -1351.07666 
75  169  -1343.78576 
76  169  -1335.31718 
77  169  -1325.88972 
78  169  -1315.54256 
79  169  -1304.03521 
65  170  -1367.99538 
66  170  -1374.15203 
67  170  -1375.94578 
68  170  -1379.03343 
69  170  -1377.93829 
70  170  -1378.12437 
71  170  -1373.88433 
72  170  -1372.04881 
73  170  -1365.15027 
74  170  -1361.52073 
75  170  -1352.36567 
76  170  -1346.59202 
77  170  -1335.24322 
78  170  -1327.40542 
79  170  -1314.07053 
65  171  -1373.3747 
66  171  -1378.74935 
67  171  -1382.29739 
68  171  -1384.71505 
69  171  -1385.42478 
70  171  -1384.73899 
71  171  -1382.47859 
72  171  -1379.29761 
73  171  -1374.8042 
74  171  -1369.38767 
75  171  -1362.76951 
76  171  -1355.04011 
77  171  -1346.37147 
78  171  -1336.64213 
79  171  -1325.95749 
80  171  -1314.3195 
66  172  -1384.64067 
67  172  -1387.33332 
68  172  -1391.55104 
69  172  -1391.65951 
70  172  -1392.75846 
71  172  -1389.45807 
72  172  -1388.33981 
73  172  -1382.48522 
74  172  -1379.47008 
75  172  -1371.11686 
76  172  -1366.05183 
77  172  -1355.40522 
78  172  -1348.34099 
79  172  -1335.82986 
80  172  -1326.78825 
66  173  -1388.64198 
67  173  -1393.27164 
68  173  -1396.79229 
69  173  -1398.61038 
70  173  -1399.12583 
71  173  -1397.67383 
72  173  -1395.42069 
73  173  -1391.62309 
74  173  -1387.17159 
75  173  -1381.21573 
76  173  -1374.31769 
77  173  -1366.36548 
78  173  -1357.25797 
79  173  -1347.34897 
80  173  -1336.46013 
67  174  -1397.68195 
68  174  -1403.15861 
69  174  -1404.29281 
70  174  -1406.59046 
71  174  -1404.4347 
72  174  -1403.92688 
73  174  -1399.03864 
74  174  -1396.74262 
75  174  -1389.40628 
76  174  -1384.94592 
77  174  -1375.03723 
78  174  -1368.70459 
79  174  -1356.83979 
80  174  -1348.46789 
67  175  -1403.26627 
68  175  -1407.93292 
69  175  -1410.81016 
70  175  -1412.41282 
71  175  -1412.10144 
72  175  -1410.63538 
73  175  -1407.77784 
74  175  -1404.21964 
75  175  -1399.0928 
76  175  -1393.12733 
77  175  -1385.63425 
78  175  -1377.15764 
79  175  -1368.09059 
80  175  -1357.86566 
68  176  -1413.98324 
69  176  -1415.93959 
70  176  -1419.27724 
71  176  -1418.38942 
72  176  -1418.8013 
73  176  -1414.80588 
74  176  -1413.29976 
75  176  -1406.9387 
76  176  -1403.19141 
77  176  -1394.17057 
78  176  -1388.4625 
79  176  -1377.14303 
80  176  -1369.73736 
81  176  -1356.60046 
68  177  -1418.28156 
69  177  -1422.11021 
70  177  -1424.84364 
71  177  -1425.46232 
72  177  -1425.17721 
73  177  -1423.22887 
74  177  -1420.4312 
75  177  -1416.2163 
76  177  -1411.11403 
77  177  -1404.42986 
78  177  -1396.97053 
79  177  -1388.36279 
80  177  -1378.81799 
81  177  -1368.57771 
69  178  -1426.82853 
70  178  -1431.62404 
71  178  -1431.48762 
72  178  -1432.80317 
73  178  -1430.18414 
74  178  -1429.21017 
75  178  -1423.6719 
76  178  -1420.78007 
77  178  -1412.70564 
78  178  -1407.66867 
79  178  -1397.21518 
80  178  -1390.42298 
81  178  -1378.11837 
82  178  -1368.97324 
69  179  -1432.38485 
70  179  -1436.5385 
71  179  -1438.28007 
72  179  -1438.90216 
73  179  -1438.01423 
74  179  -1436.16953 
75  179  -1432.67459 
76  179  -1428.32672 
77  179  -1422.60438 
78  179  -1416.01065 
79  179  -1407.94896 
80  179  -1399.10204 
81  179  -1389.67602 
82  179  -1378.56302 
70  180  -1442.67282 
71  180  -1443.96926 
72  180  -1446.28992 
73  180  -1444.66197 
74  180  -1444.58199 
75  180  -1439.99844 
76  180  -1437.74069 
77  180  -1430.57392 
78  180  -1426.24955 
79  180  -1416.62599 
80  180  -1410.49972 
81  180  -1398.72929 
82  180  -1390.61445 
70  181  -1447.23213 
71  181  -1450.1592 
72  181  -1451.98472 
73  181  -1452.23872 
74  181  -1451.2682 
75  181  -1448.75338 
76  181  -1445.00002 
77  181  -1440.13934 
78  181  -1434.25974 
79  181  -1426.9742 
80  181  -1418.98179 
81  181  -1410.33707 
82  181  -1399.87339 
71  182  -1455.3131 
72  182  -1458.70272 
73  182  -1458.30166 
74  182  -1459.33378 
75  182  -1455.75143 
76  182  -1454.13044 
77  182  -1447.7907 
78  182  -1444.12489 
79  182  -1435.4751 
80  182  -1429.9687 
81  182  -1418.91774 
82  182  -1411.65285 
71  183  -1461.22053 
72  183  -1464.00819 
73  183  -1465.23584 
74  183  -1465.52459 
75  183  -1464.18625 
76  183  -1461.25673 
77  183  -1457.01365 
78  183  -1451.80034 
79  183  -1445.43478 
80  183  -1438.26783 
81  183  -1430.26822 
82  183  -1420.4697 
71  184  -1465.98774 
72  184  -1470.29495 
73  184  -1470.8526 
74  184  -1472.93626 
75  184  -1470.67107 
76  184  -1469.92065 
77  184  -1464.49251 
78  184  -1461.43814 
79  184  -1453.63567 
80  184  -1448.8833 
81  184  -1438.62549 
82  184  -1432.02145 
83  184  -1419.00015 
71  185  -1471.53505 
72  185  -1475.18451 
73  185  -1477.47881 
74  185  -1478.68996 
75  185  -1478.34028 
76  185  -1476.54516 
77  185  -1473.28853 
78  185  -1468.85877 
79  185  -1463.25509 
80  185  -1456.78149 
81  185  -1449.58146 
82  185  -1440.58245 
83  185  -1430.4949 
72  186  -1481.36024 
73  186  -1482.76348 
74  186  -1485.88214 
75  186  -1484.51963 
76  186  -1484.80902 
77  186  -1480.19906 
78  186  -1478.10642 
79  186  -1471.17445 
80  186  -1467.21611 
81  186  -1457.78152 
82  186  -1451.79446 
83  186  -1439.4566 
84  186  -1431.45559 
72  187  -1485.82434 
73  187  -1489.1252 
74  187  -1491.34893 
75  187  -1491.87885 
76  187  -1491.09897 
77  187  -1488.64498 
78  187  -1484.99831 
79  187  -1480.55875 
80  187  -1474.86625 
81  187  -1468.40932 
82  187  -1460.17078 
83  187  -1450.78489 
84  187  -1440.78646 
72  188  -1491.95766 
73  188  -1493.90834 
74  188  -1498.18384 
75  188  -1497.7505 
76  188  -1499.08854 
77  188  -1495.51831 
78  188  -1494.21359 
79  188  -1487.87907 
80  188  -1485.03114 
81  188  -1476.37394 
82  188  -1471.07019 
83  188  -1459.65751 
84  188  -1452.23489 
72  189  -1496.31198 
73  189  -1500.19663 
74  189  -1503.20282 
75  189  -1504.78365 
76  189  -1505.00905 
77  189  -1503.69495 
78  189  -1500.94132 
79  189  -1497.2555 
80  189  -1492.51744 
81  189  -1486.71104 
82  189  -1479.20467 
83  189  -1470.60897 
84  189  -1461.18381 
73  190  -1504.95195 
74  190  -1510.03749 
75  190  -1510.50925 
76  190  -1512.80135 
77  190  -1510.06518 
78  190  -1509.85245 
79  190  -1504.6281 
80  190  -1502.33269 
81  190  -1494.55917 
82  190  -1489.81431 
83  190  -1479.21443 
84  190  -1472.39692 
73  191  -1511.00226 
74  191  -1514.90409 
75  191  -1517.29763 
76  191  -1518.56008 
77  191  -1518.09171 
78  191  -1516.29998 
79  191  -1513.62732 
80  191  -1509.62675 
81  191  -1504.53434 
82  191  -1497.70492 
83  191  -1489.92654 
84  191  -1480.97321 
85  191  -1471.25835 
73  192  -1515.73858 
74  192  -1521.44823 
75  192  -1522.60571 
76  192  -1526.11849 
77  192  -1524.28984 
78  192  -1524.96202 
79  192  -1520.66333 
80  192  -1519.11622 
81  192  -1512.19505 
82  192  -1508.1059 
83  192  -1498.2936 
84  192  -1492.0463 
85  192  -1480.25763 
74  193  -1526.15755 
75  193  -1529.32357 
76  193  -1531.7019 
77  193  -1532.06183 
78  193  -1531.22286 
79  193  -1529.36475 
80  193  -1526.23932 
81  193  -1521.87134 
82  193  -1515.80627 
83  193  -1508.70226 
84  193  -1500.40661 
85  193  -1491.33235 
86  193  -1481.43947 
74  194  -1532.46787 
75  194  -1534.39652 
76  194  -1538.81437 
77  194  -1538.12862 
78  194  -1539.57505 
79  194  -1536.24329 
80  194  -1535.43173 
81  194  -1529.40293 
82  194  -1525.89053 
83  194  -1516.93675 
84  194  -1511.12298 
85  194  -1500.04759 
86  194  -1492.83025 
75  195  -1540.80984 
76  195  -1543.96009 
77  195  -1545.36048 
78  195  -1545.6801 
79  195  -1544.67093 
80  195  -1542.31872 
81  195  -1538.69185 
82  195  -1533.46753 
83  195  -1526.99761 
84  195  -1519.25072 
85  195  -1510.8832 
86  195  -1501.57477 
75  196  -1545.84416 
76  196  -1550.7986 
77  196  -1551.17536 
78  196  -1553.60203 
79  196  -1551.3127 
80  196  -1551.21719 
81  196  -1546.10467 
82  196  -1543.18637 
83  196  -1535.05241 
84  196  -1529.74357 
85  196  -1519.39132 
86  196  -1512.7253 
75  197  -1551.87547 
76  197  -1555.90013 
77  197  -1558.07458 
78  197  -1559.44839 
79  197  -1559.38506 
80  197  -1558.00278 
81  197  -1555.01927 
82  197  -1550.64576 
83  197  -1544.80173 
84  197  -1537.69042 
85  197  -1529.89424 
86  197  -1521.2916 
75  198  -1556.58379 
76  198  -1562.49944 
77  198  -1563.7011 
78  198  -1567.00344 
79  198  -1565.8974 
80  198  -1566.4879 
81  198  -1562.24556 
82  198  -1560.01845 
83  198  -1552.5555 
84  198  -1547.8766 
85  198  -1538.34232 
86  198  -1532.06934 
76  199  -1567.21776 
77  199  -1570.35162 
78  199  -1572.55944 
79  199  -1573.48167 
80  199  -1573.15076 
81  199  -1570.88142 
82  199  -1567.27136 
83  199  -1562.05479 
84  199  -1555.68897 
85  199  -1548.51607 
86  199  -1540.41013 
87  199  -1531.36661 
76  200  -1573.58408 
77  200  -1575.63373 
78  200  -1579.84124 
79  200  -1579.69822 
80  200  -1581.17928 
81  200  -1577.9409 
82  200  -1576.36153 
83  200  -1569.69933 
84  200  -1565.50062 
85  200  -1556.75193 
86  200  -1550.99595 
87  200  -1540.06444 
76  201  -1578.1154 
77  201  -1581.99105 
78  201  -1585.05259 
79  201  -1586.93024 
80  201  -1587.40974 
81  201  -1586.1436 
82  201  -1583.44171 
83  201  -1578.81463 
84  201  -1573.14251 
85  201  -1566.62463 
86  201  -1559.12541 
87  201  -1550.66887 
88  201  -1541.64724 
76  202  -1584.03471 
77  202  -1586.94137 
78  202  -1592.07514 
79  202  -1592.95365 
80  202  -1595.16382 
81  202  -1593.02239 
82  202  -1592.19385 
83  202  -1586.21206 
84  202  -1582.61307 
85  202  -1574.4974 
86  202  -1569.39853 
87  202  -1559.2499 
88  202  -1552.46841 
77  203  -1592.92668 
78  203  -1597.08134 
79  203  -1599.81547 
80  203  -1601.15843 
81  203  -1600.86814 
82  203  -1599.11096 
83  203  -1595.06684 
84  203  -1590.07102 
85  203  -1584.14044 
86  203  -1577.35484 
87  203  -1569.53693 
88  203  -1560.96399 
77  204  -1595.996 
78  204  -1603.44765 
79  204  -1605.39331 
80  204  -1608.65116 
81  204  -1607.52423 
82  204  -1607.50564 
83  204  -1602.2595 
84  204  -1599.17238 
85  204  -1591.92466 
86  204  -1587.24986 
87  204  -1577.87714 
88  204  -1571.65505 
78  205  -1606.56297 
79  205  -1611.58462 
80  205  -1614.31975 
81  205  -1615.07028 
82  205  -1614.2373 
83  205  -1610.7494 
84  205  -1606.4121 
85  205  -1601.0908 
86  205  -1595.05205 
87  205  -1587.86566 
88  205  -1579.93467 
78  206  -1611.30029 
79  206  -1615.10094 
80  206  -1621.04879 
81  206  -1621.57409 
82  206  -1622.32396 
83  206  -1617.78431 
84  206  -1615.16257 
85  206  -1608.62085 
86  206  -1604.52491 
87  206  -1595.86966 
88  206  -1590.27901 
89  206  -1579.60048 
79  207  -1619.76226 
80  207  -1624.66236 
81  207  -1628.42597 
82  207  -1629.06174 
83  207  -1625.88198 
84  207  -1622.19083 
85  207  -1617.49008 
86  207  -1612.11555 
87  207  -1605.54282 
88  207  -1598.37724 
89  207  -1589.98769 
79  208  -1623.12958 
80  208  -1629.51163 
81  208  -1632.21307 
82  208  -1636.42961 
83  208  -1632.7689 
84  208  -1630.58599 
85  208  -1624.80412 
86  208  -1621.20738 
87  208  -1613.43562 
88  208  -1608.27246 
89  208  -1598.44598 
90  208  -1591.74876 
79  209  -1627.56789 
80  209  -1632.96155 
81  209  -1637.17287 
82  209  -1640.36697 
83  209  -1640.22866 
84  209  -1637.55373 
85  209  -1633.28817 
86  209  -1628.55229 
87  209  -1622.60908 
88  209  -1616.20468 
89  209  -1608.43211 
90  209  -1599.95729 
79  210  -1630.84221 
80  210  -1637.75386 
81  210  -1640.85256 
82  210  -1645.55215 
83  210  -1644.83329 
84  210  -1645.21217 
85  210  -1640.44879 
86  210  -1637.29932 
87  210  -1630.24494 
88  210  -1625.66978 
89  210  -1616.55812 
90  210  -1610.50576 
80  211  -1641.08418 
81  211  -1645.75583 
82  211  -1649.38679 
83  211  -1649.9713 
84  211  -1649.76292 
85  211  -1648.19528 
86  211  -1644.52111 
87  211  -1639.12357 
88  211  -1633.36938 
89  211  -1626.21684 
90  211  -1618.73 
80  212  -1645.7745 
81  212  -1649.30015 
82  212  -1654.51404 
83  212  -1654.30147 
84  212  -1655.77115 
85  212  -1653.24755 
86  212  -1652.49666 
87  212  -1646.57085 
88  212  -1642.4714 
89  212  -1634.21246 
90  212  -1628.61016 
91  212  -1618.31223 
80  213  -1648.93681 
81  213  -1654.03666 
82  213  -1658.23976 
83  213  -1659.48605 
84  213  -1660.12651 
85  213  -1659.27024 
86  213  -1657.60662 
87  213  -1654.67907 
88  213  -1649.98611 
89  213  -1643.40543 
90  213  -1636.66134 
91  213  -1628.33387 
80  214  -1653.49613 
81  214  -1657.42678 
82  214  -1663.29022 
83  214  -1663.52692 
84  214  -1666.01435 
85  214  -1664.1418 
86  214  -1664.29943 
87  214  -1660.1559 
88  214  -1658.32246 
89  214  -1651.18848 
90  214  -1646.13834 
91  214  -1636.58288 
80  215  -1656.53745 
81  215  -1662.0521 
82  215  -1666.76476 
83  215  -1668.74983 
84  215  -1670.15619 
85  215  -1670.08858 
86  215  -1669.21956 
87  215  -1666.9506 
88  215  -1663.95262 
89  215  -1659.67336 
90  215  -1654.00043 
91  215  -1646.27085 
80  216  -1660.95777 
81  216  -1665.31642 
82  216  -1671.77207 
83  216  -1672.59573 
84  216  -1675.9034 
85  216  -1674.64751 
86  216  -1675.86945 
87  216  -1672.369 
88  216  -1671.26663 
89  216  -1665.63114 
90  216  -1662.6947 
91  216  -1654.41112 
81  217  -1669.79274 
82  217  -1675.08339 
83  217  -1677.81108 
84  217  -1679.87337 
85  217  -1680.58042 
86  217  -1680.53508 
87  217  -1679.09671 
88  217  -1676.74159 
89  217  -1673.1432 
90  217  -1668.84649 
91  217  -1663.2123 
92  217  -1656.52892 
81  218  -1673.08505 
82  218  -1679.94171 
83  218  -1681.39632 
84  218  -1685.47121 
85  218  -1684.94858 
86  218  -1687.04748 
87  218  -1684.4235 
88  218  -1684.04917 
89  218  -1679.07416 
90  218  -1676.76911 
91  218  -1669.66914 
92  218  -1665.65927 
82  219  -1683.18702 
83  219  -1686.40068 
84  219  -1689.21997 
85  219  -1690.72179 
86  219  -1691.50574 
87  219  -1690.93571 
88  219  -1689.37738 
89  219  -1686.41976 
90  219  -1682.73418 
91  219  -1677.88442 
92  219  -1672.35602 
93  219  -1665.58321 
82  220  -1687.86834 
83  220  -1689.93599 
84  220  -1694.70919 
85  220  -1694.81455 
86  220  -1697.79439 
87  220  -1696.14243 
88  220  -1696.57273 
89  220  -1692.31686 
90  220  -1690.60926 
91  220  -1684.27822 
92  220  -1680.77987 
93  220  -1672.62053 
83  221  -1694.72831 
84  221  -1698.27021 
85  221  -1700.47889 
86  221  -1702.00658 
87  221  -1702.41832 
88  221  -1701.95034 
89  221  -1699.60877 
90  221  -1696.41153 
91  221  -1692.19116 
92  221  -1687.30219 
93  221  -1681.15785 
83  222  -1698.22663 
84  222  -1703.62902 
85  222  -1704.37991 
86  222  -1708.17656 
87  222  -1707.41848 
88  222  -1708.66432 
89  222  -1705.5818 
90  222  -1704.21789 
91  222  -1698.48386 
92  222  -1695.63451 
93  222  -1688.05516 
83  223  -1702.83195 
84  223  -1707.1076 
85  223  -1709.97625 
86  223  -1712.23217 
87  223  -1713.45558 
88  223  -1713.8224 
89  223  -1712.44817 
90  223  -1710.1064 
91  223  -1706.38914 
92  223  -1702.08894 
93  223  -1696.54548 
83  224  -1706.27426 
84  224  -1712.34792 
85  224  -1713.76455 
86  224  -1718.24812 
87  224  -1718.11578 
88  224  -1720.3012 
89  224  -1718.11119 
90  224  -1717.56989 
91  224  -1712.91884 
92  224  -1710.2851 
93  224  -1703.3408 
84  225  -1715.79923 
85  225  -1719.15189 
86  225  -1722.2304 
87  225  -1724.16139 
88  225  -1725.20554 
89  225  -1724.77891 
90  225  -1723.3246 
91  225  -1720.51193 
92  225  -1716.69259 
93  225  -1711.70032 
84  226  -1720.85155 
85  226  -1723.0042 
86  226  -1728.08866 
87  226  -1728.51296 
88  226  -1731.60159 
89  226  -1730.17833 
90  226  -1730.50912 
91  226  -1726.89065 
92  226  -1724.81258 
93  226  -1718.58243 
84  227  -1724.19087 
85  227  -1728.20652 
86  227  -1732.02134 
87  227  -1734.43905 
88  227  -1736.16302 
89  227  -1736.70905 
90  227  -1735.97147 
91  227  -1734.16343 
92  227  -1731.19075 
93  227  -1726.86839 
85  228  -1732.07684 
86  228  -1737.73503 
87  228  -1738.82707 
88  228  -1742.4716 
89  228  -1741.73507 
90  228  -1743.07678 
91  228  -1740.14231 
92  228  -1739.06205 
93  228  -1733.906 
94  228  -1730.64064 
85  229  -1737.00915 
86  229  -1741.68741 
87  229  -1744.5931 
88  229  -1746.93661 
89  229  -1748.00456 
90  229  -1748.33364 
91  229  -1747.23969 
92  229  -1745.14483 
93  229  -1741.79355 
94  229  -1737.3975 
86  230  -1747.07313 
87  230  -1748.8282 
88  230  -1753.04013 
89  230  -1752.9357 
90  230  -1755.1275 
91  230  -1753.03461 
92  230  -1752.81205 
93  230  -1748.40821 
94  230  -1745.92835 
95  230  -1739.14801 
86  231  -1750.73844 
87  231  -1754.34569 
88  231  -1757.41126 
89  231  -1759.08255 
90  231  -1760.24551 
91  231  -1759.85475 
92  231  -1758.69085 
93  231  -1756.09069 
94  231  -1752.64786 
95  231  -1747.71232 
87  232  -1758.49541 
88  232  -1763.20211 
89  232  -1763.7623 
90  232  -1766.68566 
91  232  -1765.40405 
92  232  -1765.95881 
93  232  -1762.42633 
94  232  -1760.6418 
95  232  -1754.95464 
96  232  -1751.03629 
87  233  -1763.51873 
88  233  -1767.44804 
89  233  -1769.68 
90  233  -1771.47205 
91  233  -1771.9333 
92  233  -1771.72074 
93  233  -1769.90866 
94  233  -1767.02419 
95  233  -1763.03096 
96  233  -1758.21966 
88  234  -1772.94843 
89  234  -1774.21816 
90  234  -1777.66256 
91  234  -1777.1543 
92  234  -1778.56549 
93  234  -1775.97329 
94  234  -1774.79773 
95  234  -1769.90427 
96  234  -1766.85897 
97  234  -1759.45658 
88  235  -1776.70902 
89  235  -1779.77352 
90  235  -1782.33058 
91  235  -1783.27708 
92  235  -1783.86298 
93  235  -1782.95641 
94  235  -1781.03511 
95  235  -1777.81035 
96  235  -1773.64324 
97  235  -1768.1679 
89  236  -1783.981 
90  236  -1788.16444 
91  236  -1788.30335 
92  236  -1790.40843 
93  236  -1788.69316 
94  236  -1788.3874 
95  236  -1784.46591 
96  236  -1781.87054 
97  236  -1775.40122 
89  237  -1788.99531 
90  237  -1792.53587 
91  237  -1794.18099 
92  237  -1795.53421 
93  237  -1795.27045 
94  237  -1794.26811 
95  237  -1792.00823 
96  237  -1788.54945 
97  237  -1783.82653 
98  237  -1778.29532 
90  238  -1797.93628 
91  238  -1798.88589 
92  238  -1801.68847 
93  238  -1800.75877 
94  238  -1801.26794 
95  238  -1798.22725 
96  238  -1796.42317 
97  238  -1790.86985 
98  238  -1787.0255 
90  239  -1802.02659 
91  239  -1804.51425 
92  239  -1806.49485 
93  239  -1806.97397 
94  239  -1806.91413 
95  239  -1805.32967 
96  239  -1802.79107 
97  239  -1798.90617 
98  239  -1794.12882 
99  239  -1788.03647 
91  240  -1809.11956 
92  240  -1812.42384 
93  240  -1812.04011 
94  240  -1813.44834 
95  240  -1811.2812 
96  240  -1810.28527 
97  240  -1805.56248 
98  240  -1802.4553 
99  240  -1795.46479 
91  241  -1814.30388 
92  241  -1817.01453 
93  241  -1818.16721 
94  241  -1818.68986 
95  241  -1817.9283 
96  241  -1816.37856 
97  241  -1813.2658 
98  241  -1809.19045 
99  241  -1803.87211 
100  241  -1797.82676 
92  242  -1822.66185 
93  242  -1823.08193 
94  242  -1824.99958 
95  242  -1823.46594 
96  242  -1823.34805 
97  242  -1819.63612 
98  242  -1817.20205 
99  242  -1811.00542 
100  242  -1806.62408 
92  243  -1826.95317 
93  243  -1828.69482 
94  243  -1830.0335 
95  243  -1829.83081 
96  243  -1829.04099 
97  243  -1826.75106 
98  243  -1823.66909 
99  243  -1819.12974 
100  243  -1813.7314 
93  244  -1833.44114 
94  244  -1836.05398 
95  244  -1835.1973 
96  244  -1835.84226 
97  244  -1832.79806 
98  244  -1831.25205 
99  244  -1825.92206 
100  244  -1822.20071 
93  245  -1838.76446 
94  245  -1840.75254 
95  245  -1841.24748 
96  245  -1841.36252 
97  245  -1839.76943 
98  245  -1837.41579 
99  245  -1833.65238 
100  245  -1829.05103 
101  245  -1823.18368 
94  246  -1846.60746 
95  246  -1846.22608 
96  246  -1847.82013 
97  246  -1845.68778 
98  246  -1844.7821 
99  246  -1840.18969 
100  246  -1837.12083 
101  246  -1830.412 
94  247  -1850.96674 
95  247  -1852.1384 
96  247  -1852.9756 
97  247  -1852.23687 
98  247  -1850.84145 
99  247  -1847.58454 
100  247  -1843.70666 
101  247  -1838.66132 
95  248  -1856.80071 
96  248  -1859.1879 
97  248  -1857.71802 
98  248  -1857.77672 
99  248  -1853.93333 
100  248  -1851.55325 
101  248  -1845.52063 
102  248  -1841.26629 
95  249  -1862.33103 
96  249  -1863.90127 
97  249  -1864.01977 
98  249  -1863.36203 
99  249  -1861.12864 
100  249  -1858.00276 
101  249  -1853.50695 
102  249  -1848.1766 
96  250  -1869.7337 
97  250  -1868.99012 
98  250  -1869.98735 
99  250  -1867.14996 
100  250  -1865.52125 
101  250  -1860.18027 
102  250  -1856.46692 
96  251  -1874.14599 
97  251  -1874.78364 
98  251  -1875.0943 
99  251  -1873.93473 
100  251  -1871.71201 
101  251  -1867.91676 
102  251  -1863.25124 
103  251  -1857.59089 
96  252  -1879.81064 
97  252  -1879.54929 
98  252  -1881.2667 
99  252  -1879.22435 
100  252  -1878.91968 
101  252  -1874.4439 
102  252  -1871.30041 
103  252  -1864.65221 
97  253  -1885.22661 
98  253  -1886.07098 
99  253  -1885.57627 
100  253  -1884.45965 
101  253  -1881.85122 
102  253  -1877.88395 
103  253  -1872.88453 
104  253  -1867.12218 
97  254  -1889.83392 
98  254  -1892.10255 
99  254  -1890.67008 
100  254  -1890.97553 
101  254  -1887.64354 
102  254  -1885.59054 
103  254  -1879.65984 
104  254  -1875.5525 
98  255  -1896.70489 
99  255  -1896.64296 
100  255  -1896.15024 
101  255  -1894.32451 
102  255  -1891.57927 
103  255  -1887.65686 
104  255  -1882.49081 
105  255  -1876.30647 
98  256  -1902.54621 
99  256  -1901.61786 
100  256  -1902.53515 
101  256  -1899.78317 
102  256  -1898.6339 
103  256  -1893.92888 
104  256  -1890.67045 
105  256  -1883.61178 
99  257  -1907.47318 
100  257  -1907.50309 
101  257  -1906.31433 
102  257  -1904.27871 
103  257  -1901.13979 
104  257  -1897.09684 
105  257  -1891.9741 
99  258  -1912.2455 
100  258  -1913.73815 
101  258  -1911.69446 
102  258  -1911.12146 
103  258  -1907.03411 
104  258  -1904.6935 
105  258  -1898.45442 
106  258  -1894.22807 
100  259  -1918.53147 
101  259  -1917.82912 
102  259  -1916.56078 
103  259  -1914.03643 
104  259  -1910.74508 
105  259  -1906.33372 
106  259  -1900.98339 
100  260  -1924.54179 
101  260  -1922.97344 
102  260  -1923.13109 
103  260  -1919.68375 
104  260  -1918.0294 
105  260  -1912.72305 
106  260  -1909.0656 
107  260  -1901.50736 
101  261  -1929.01876 
102  261  -1928.35841 
103  261  -1926.47006 
104  261  -1923.92795 
105  261  -1920.21737 
106  261  -1915.6788 
107  261  -1909.76768 
101  262  -1934.04107 
102  262  -1934.78373 
103  262  -1932.00038 
104  262  -1930.92703 
105  262  -1926.28169 
106  262  -1923.38942 
107  262  -1916.43099 
102  263  -1939.82704 
103  263  -1938.4447 
104  263  -1936.60435 
105  263  -1933.498 
106  263  -1929.63766 
107  263  -1924.54931 
108  263  -1918.54496 
102  264  -1946.01736 
103  264  -1943.86901 
104  264  -1943.38667 
105  264  -1939.31932 
106  264  -1937.11497 
107  264  -1931.05863 
108  264  -1926.77058 
103  265  -1950.08433 
104  265  -1948.84399 
105  265  -1946.26564 
106  265  -1943.17329 
107  265  -1938.83095 
108  265  -1933.50421 
109  265  -1926.94325 
103  266  -1954.76665 
104  266  -1955.5293 
105  266  -1952.08596 
106  266  -1950.42261 
107  266  -1945.15126 
108  266  -1941.33947 
109  266  -1933.73157 
104  267  -1960.23262 
105  267  -1958.82027 
106  267  -1956.27493 
107  267  -1952.56358 
108  267  -1947.89523 
109  267  -1941.97489 
110  267  -1935.06454 
104  268  -1966.27294 
105  268  -1963.90459 
106  268  -1963.38224 
107  268  -1958.5949 
108  268  -1955.78855 
109  268  -1948.6862 
110  268  -1943.40586 
105  269  -1969.88991 
106  269  -1968.44056 
107  269  -1965.99121 
108  269  -1962.10087 
109  269  -1956.59652 
110  269  -1950.29044 
105  270  -1974.75222 
106  270  -1974.83488 
107  270  -1971.31753 
108  270  -1969.67218 
109  270  -1963.26584 
110  270  -1958.51822 
106  271  -1979.64019 
107  271  -1977.62585 
108  271  -1975.0605 
109  271  -1970.94915 
110  271  -1965.32181 
106  272  -1985.88951 
107  272  -1982.89517 
108  272  -1981.89782 
109  272  -1976.54047 
110  272  -1973.32413 
111  272  -1965.78478 
106  273  -1990.52283 
107  273  -1989.12548 
108  273  -1987.00314 
109  273  -1983.68679 
110  273  -1979.02844 
111  273  -1973.9931 
107  274  -1994.1158 
108  274  -1993.56045 
109  274  -1989.10711 
110  274  -1986.30776 
111  274  -1980.08341 
107  275  -2000.21012 
108  275  -1998.49777 
109  275  -1995.71142 
110  275  -1991.93608 
111  275  -1987.51473 
108  276  -2004.90509 
109  276  -2001.19874 
110  276  -1999.08339 
111  276  -1993.35605 
112  276  -1989.7087 
108  277  -2009.7684 
109  277  -2007.71106 
110  277  -2004.46371 
111  277  -2000.74236 
112  277  -1995.70202 
109  278  -2012.95137 
110  278  -2011.48603 
111  278  -2006.55568 
112  278  -2003.29333 
113  278  -1996.52799 
109  279  -2019.37569 
110  279  -2016.70934 
111  279  -2013.483 
112  279  -2009.14165 
113  279  -2004.25331 
110  280  -2023.65066 
111  280  -2019.30332 
112  280  -2016.64897 
113  280  -2010.48062 
110  281  -2028.74098 
111  281  -2026.23663 
112  281  -2022.30029 
113  281  -2018.03894 
111  282  -2031.73695 
112  282  -2029.6726 
113  282  -2024.06826 
111  283  -2038.48127 
112  283  -2035.15992 
113  283  -2031.30257 
112  284  -2042.40624 
113  284  -2037.36589 
112  285  -2047.71955 
113  285  -2044.50521 
114  285  -2040.07586 
113  286  -2050.26652 
114  286  -2047.59618 
113  287  -2057.23784 
114  287  -2053.2935 
115  287  -2048.85915 
114  288  -2060.62981 
115  288  -2055.03347 
114  289  -2066.04913 
115  289  -2062.27778 
116  289  -2057.27144 
115  290  -2068.1621 
116  290  -2064.89975 
115  291  -2075.21342 
116  291  -2070.69907 
117  291  -2065.76472 
116  292  -2078.15139 
117  292  -2072.03904 
116  293  -2083.6647 
117  293  -2079.39136 
118  293  -2073.64701 
117  294  -2085.38868 
118  294  -2081.38433 